Accuracy: 0.7108191287878788
Recall: 0.4180248683771679
F1 Score: 0.4677702595581151
