Accuracy: 0.7277492088607594
Recall: 0.72864862146129
F1 Score: 0.7256366642432095
