Accuracy: 0.5679682249663979
Recall: 0.49903201976863903
F1 Score: 0.47589095391074226
