Accuracy: 0.6041102088386902
Recall: 0.5157401925543066
F1 Score: 0.52009528555445
