Accuracy: 0.7053740530303031
Recall: 0.41300312976462744
F1 Score: 0.46021926643738204
