Accuracy: 0.7249802215189873
Recall: 0.7253298074900397
F1 Score: 0.7219294143071923
