Accuracy: 0.7900293857108602
Recall: 0.7811927837491085
F1 score: 0.7834385892579591
