Accuracy: 0.7789587230597834
Recall: 0.4822430820984752
F1 score: 0.5032345984752309
