Accuracy: 0.8403098709481723
Recall: 0.8393104987241094
F1 Score: 0.8391023948710948
