Accuracy: 0.8313283849429734
Recall: 0.8321938562182904
F1 score: 0.8282928471092837
