Accuracy: 0.7451467803030303
Recall: 0.4379479643129407
F1 Score: 0.48517213308659785
