Accuracy: 0.8212032058270349
Recall: 0.8192043895478600
F1 score: 0.8192032948575043
