Accuracy: 0.8276305379746836
Recall: 0.8276931190431841
F1 Score: 0.8257114783837562
