Accuracy: 0.7261669303797469
Recall: 0.7259611015374036
F1 Score: 0.7242407428730123
