Accuracy: 0.7344933712121212
Recall: 0.4317045603440061
F1 Score: 0.4781563763055429
