Accuracy: 0.7823984794879838
Recall: 0.5231329487491284
F1 score: 0.5212349847013984
