Accuracy: 0.7691761363636364
Recall: 0.45365007682961694
F1 Score: 0.49562826089586354
