Accuracy: 0.8278283227848101
Recall: 0.8281867153758669
F1 Score: 0.8268670751584388
